23327
63247
86297
20543
64327
32579
43067
20719
61007
13259
50461
68713
91711
91499
79777
4481
49789
6803
30781
70393
61981
46093
82507
40853
90599
24049
11959
45307
25469
81551
12157
84947
13291
60661
60289
68279
83873
52021
83663
29573
37657
11981
1447
5849
35527
11863
26633
85903
94907
36109
13457
15923
24019
3469
91691
25309
87683
859
37987
39341
92941
39103
66877
89137
13217
94531
99137
31657
1723
43201
47059
96959
1229
11491
25031
32257
12889
27617
90533
19937
51599
78877
8167
96337
45139
18637
48677
25919
57193
68213
93307
76847
13513
25127
967
51203
34031
947
22751
95819